AT.Mauternbach.S.1 AT.Mauternbach.A.2 TR.Yesiloz.S.3 TR.Yesiloz.S.4 FR.Viltain.S.5 FR.Viltain.A.6 FR.Gotheron.S.7 UK.Sheffield.S.8 UK.SouthQueensferry.S.9 CY.Nicosia.S.10 UK.MarketHarborough.A.11 UK.Lutterworth.A.12 DE.Broggingen.S.13 DE.Broggingen.A.14 UA.Yalta.S.15 UA.Yalta.S.16 UA.Odessa.S.17 UA.Odessa.S.18 UA.Odessa.S.19 UA.Odessa.A.20 UA.Kyiv.S.21 UA.Kyiv.A.22 UA.Varva.S.23 UA.Piryuatin.S.24 UA.Drogobych.S.25 UA.Chernobyl.A.26 UA.ChernobylYaniv.A.27 SE.Lund.S.28 DE.Munich.S.29 DE.Munich.A.30 PT.Recarei.A.31 ES.Lleida.A.32 ES.Lleida.S.33 FI.Akaa.S.34 FI.Akaa.S.35 FI.Vesanto.S.36 DK.Karensminde.A.37 DK.Karensminde.A.38 CH.ChaletAGobet.S.39 CH.ChaletAGobet.A.40 AT.Seeboden.S.41 UA.Kharkiv.S.42 UA.Kharkiv.A.43 UA.ChernobylApple.A.44 UA.ChernobylPolisske.A.45 UA.Kyiv.A.46 UA.Uman.A.47 RU.Valday.A.48
AT.Mauternbach.S.1 0 0 1603.16217735511 1603.16217735511 986.106092060192 986.106092060192 893.957046882292 1317.75975425914 1534.39288814786 2079.67616928354 1250.34544434375 1261.04824183431 572.806917609837 572.806917609837 1485.57552167689 1485.57552167689 1163.07049325201 1163.07049325201 1163.07049325201 1163.07049325201 1101.49920893932 1101.49920893932 1259.96903747611 1244.51305230617 590.659329681908 1094.79112199614 1090.69650966785 829.851751575202 293.173472793883 293.173472793883 2045.66039869607 1391.2363958901 1391.2363958901 1502.26984048685 1502.26984048685 1709.27110366014 917.018893691353 917.018893691353 695.250696513093 695.250696513093 232.04381824595 1496.53672040064 1496.53672040064 1098.17942538105 1042.03471286434 1101.49920893932 1077.23396628274 1582.13710303049
AT.Mauternbach.A.2 0 0 1603.16217735511 1603.16217735511 986.106092060192 986.106092060192 893.957046882292 1317.75975425914 1534.39288814786 2079.67616928354 1250.34544434375 1261.04824183431 572.806917609837 572.806917609837 1485.57552167689 1485.57552167689 1163.07049325201 1163.07049325201 1163.07049325201 1163.07049325201 1101.49920893932 1101.49920893932 1259.96903747611 1244.51305230617 590.659329681908 1094.79112199614 1090.69650966785 829.851751575202 293.173472793883 293.173472793883 2045.66039869607 1391.2363958901 1391.2363958901 1502.26984048685 1502.26984048685 1709.27110366014 917.018893691353 917.018893691353 695.250696513093 695.250696513093 232.04381824595 1496.53672040064 1496.53672040064 1098.17942538105 1042.03471286434 1101.49920893932 1077.23396628274 1582.13710303049
TR.Yesiloz.S.3 1603.16217735511 1603.16217735511 0 0 2548.96858307983 2548.96858307983 2287.18523213585 2919.73726405921 3119.16103041825 582.053843981193 2853.46564505147 2864.10721274112 2128.99368087644 2128.99368087644 500.074459866717 500.074459866717 701.132349085725 701.132349085725 701.132349085725 701.132349085725 1133.23896532995 1133.23896532995 1141.0130123141 1114.96130763346 1223.851415656 1250.03992749181 1252.20140020549 2214.94153250075 1860.56832134879 1860.56832134879 3400.07823460712 2648.67350796506 2648.67350796506 2396.68906264427 2396.68906264427 2514.86209748332 2374.94105602844 2374.94105602844 2171.07695938934 2171.07695938934 1674.64997610553 1106.92442513249 1106.92442513249 1238.13280579167 1248.51451268929 1133.23896532995 961.697654691827 1975.29012029577
TR.Yesiloz.S.4 1603.16217735511 1603.16217735511 0 0 2548.96858307983 2548.96858307983 2287.18523213585 2919.73726405921 3119.16103041825 582.053843981193 2853.46564505147 2864.10721274112 2128.99368087644 2128.99368087644 500.074459866717 500.074459866717 701.132349085725 701.132349085725 701.132349085725 701.132349085725 1133.23896532995 1133.23896532995 1141.0130123141 1114.96130763346 1223.851415656 1250.03992749181 1252.20140020549 2214.94153250075 1860.56832134879 1860.56832134879 3400.07823460712 2648.67350796506 2648.67350796506 2396.68906264427 2396.68906264427 2514.86209748332 2374.94105602844 2374.94105602844 2171.07695938934 2171.07695938934 1674.64997610553 1106.92442513249 1106.92442513249 1238.13280579167 1248.51451268929 1133.23896532995 961.697654691827 1975.29012029577
FR.Viltain.S.5 986.106092060192 986.106092060192 2548.96858307983 2548.96858307983 0 0 469.996469330473 576.043461913107 885.181064562494 2964.81062377394 467.436730858135 469.461706084716 421.494742884808 421.494742884808 2471.14581951433 2471.14581951433 2148.65890207788 2148.65890207788 2148.65890207788 2148.65890207788 2039.67412961881 2039.67412961881 2194.63049945034 2184.06708330106 1552.38426200722 2006.40118987909 2001.82361889888 1075.35490019752 699.528359729867 699.528359729867 1184.25872711305 802.880344529269 802.880344529269 1919.44065312712 1919.44065312712 2129.31010397091 967.732049489521 967.732049489521 418.268150781267 418.268150781267 874.359296052059 2441.10533117525 2441.10533117525 2012.72755571711 1955.21835748457 2039.67412961881 2045.09875711795 2276.63247948142
FR.Viltain.A.6 986.106092060192 986.106092060192 2548.96858307983 2548.96858307983 0 0 469.996469330473 576.043461913107 885.181064562494 2964.81062377394 467.436730858135 469.461706084716 421.494742884808 421.494742884808 2471.14581951433 2471.14581951433 2148.65890207788 2148.65890207788 2148.65890207788 2148.65890207788 2039.67412961881 2039.67412961881 2194.63049945034 2184.06708330106 1552.38426200722 2006.40118987909 2001.82361889888 1075.35490019752 699.528359729867 699.528359729867 1184.25872711305 802.880344529269 802.880344529269 1919.44065312712 1919.44065312712 2129.31010397091 967.732049489521 967.732049489521 418.268150781267 418.268150781267 874.359296052059 2441.10533117525 2441.10533117525 2012.72755571711 1955.21835748457 2039.67412961881 2045.09875711795 2276.63247948142
FR.Gotheron.S.7 893.957046882292 893.957046882292 2287.18523213585 2287.18523213585 469.996469330473 469.996469330473 0 1045.77739654037 1354.08517510609 2639.81370267274 937.387047687028 939.450791845942 422.708481473104 422.708481473104 2297.9274079308 2297.9274079308 2004.78333029954 2004.78333029954 2004.78333029954 2004.78333029954 1994.25647604036 1994.25647604036 2152.71846516804 2136.45806109241 1481.38253390938 1988.39768917862 1984.26089950679 1326.59443541331 622.354854226417 622.354854226417 1162.89374335505 511.071992340469 511.071992340469 2165.39050544423 2165.39050544423 2380.654213581 1275.12909736651 1275.12909736651 224.006257310769 224.006257310769 694.344986619241 2386.04436903883 2386.04436903883 1991.96244621731 1935.63566118851 1994.25647604036 1957.90813987387 2407.53850119739
UK.Sheffield.S.8 1317.75975425914 1317.75975425914 2919.73726405921 2919.73726405921 576.043461913107 576.043461913107 1045.77739654037 0 310.398880238745 3390.56235697699 109.387096134766 110.068133171489 871.715638116242 871.715638116242 2753.31613001197 2753.31613001197 2414.33967424469 2414.33967424469 2414.33967424469 2414.33967424469 2205.32671283512 2205.32671283512 2346.66471434768 2343.17960645221 1785.50332916531 2143.24976810109 2138.49000829777 981.564726309775 1087.6805592774 1087.6805592774 1455.7638836649 1319.1835178934 1319.1835178934 1718.30011743891 1718.30011743891 1906.03906957926 805.234949397597 805.234949397597 958.882554254406 958.882554254406 1293.92148418266 2595.03865138175 2595.03865138175 2152.29477165757 2097.55577764329 2205.32671283512 2256.41799546769 2212.24386264175
UK.SouthQueensferry.S.9 1534.39288814786 1534.39288814786 3119.16103041825 3119.16103041825 885.181064562494 885.181064562494 1354.08517510609 310.398880238745 0 3613.69553501842 419.785286017694 419.924407626149 1149.04164728721 1149.04164728721 2911.10828483401 2911.10828483401 2569.65017003302 2569.65017003302 2569.65017003302 2569.65017003302 2316.20235046608 2316.20235046608 2447.20422503586 2447.36914571681 1941.40150117272 2241.40570292007 2236.68952581239 1031.78553968845 1335.73966721734 1335.73966721734 1689.14419045399 1622.35684078287 1622.35684078287 1646.84192531004 1646.84192531004 1813.77600173989 843.214622190107 843.214622190107 1255.79761173926 1255.79761173926 1544.14902653098 2691.18596716314 2691.18596716314 2251.56175041543 2199.77974543796 2316.20235046608 2388.57148008136 2202.05855061063
CY.Nicosia.S.10 2079.67616928354 2079.67616928354 582.053843981193 582.053843981193 2964.81062377394 2964.81062377394 2639.81370267274 3390.56235697699 3613.69553501842 0 3314.60579469731 3324.24551531767 2556.19365549364 2556.19365549364 1051.9141405978 1051.9141405978 1283.18437136606 1283.18437136606 1283.18437136606 1283.18437136606 1714.69930622471 1714.69930622471 1715.67118174914 1690.53207256784 1777.44842168603 1831.62822876896 1833.85294169194 2759.28634145436 2306.83200019334 2306.83200019334 3678.59916555302 2925.48868347052 2925.48868347052 2978.46654397171 2978.46654397171 3096.51252684911 2909.91474469622 2909.91474469622 2562.10713459876 2562.10713459876 2106.06431191207 1655.82683365695 1655.82683365695 1819.65636207429 1830.56167292946 1714.69930622471 1543.73583661625 2548.55118007879
UK.MarketHarborough.A.11 1250.34544434375 1250.34544434375 2853.46564505147 2853.46564505147 467.436730858135 467.436730858135 937.387047687028 109.387096134766 419.785286017694 3314.60579469731 0 13.1444358688767 779.638204219829 779.638204219829 2703.18951618666 2703.18951618666 2366.10782186316 2366.10782186316 2366.10782186316 2366.10782186316 2174.65593674226 2174.65593674226 2319.2489372519 2314.42362097017 1739.75935449982 2117.60811280134 2112.85496531526 986.156692032934 1008.10239337276 1008.10239337276 1380.95780888753 1213.31609128274 1213.31609128274 1755.20177807596 1755.20177807596 1948.60450307622 819.322434306955 819.322434306955 856.338760421484 856.338760421484 1211.96980365901 2568.34020844448 2568.34020844448 2126.19677839903 2070.62087402856 2174.65593674226 2217.53370006624 2225.29912103503
UK.Lutterworth.A.12 1261.04824183431 1261.04824183431 2864.10721274112 2864.10721274112 469.461706084716 469.461706084716 939.450791845942 110.068133171489 419.924407626149 3324.24551531767 13.1444358688767 0 787.294756283327 787.294756283327 2715.02464639517 2715.02464639517 2378.06790846184 2378.06790846184 2378.06790846184 2378.06790846184 2187.3843544754 2187.3843544754 2332.06821823895 2327.20506184136 1751.89527760243 2130.48049885793 2125.72767572368 999.229461408918 1017.57652483425 1017.57652483425 1371.21787935485 1210.038171541 1210.038171541 1767.41044980183 1767.41044980183 1960.54344090617 832.200059389743 832.200059389743 861.362906706302 861.362906706302 1221.07235602722 2581.17219345108 2581.17219345108 2139.05729450388 2083.46147375376 2187.3843544754 2229.95870852532 2238.29446838565
DE.Broggingen.S.13 572.806917609837 572.806917609837 2128.99368087644 2128.99368087644 421.494742884808 421.494742884808 422.708481473104 871.715638116242 1149.04164728721 2556.19365549364 779.638204219829 787.294756283327 0 0 2053.53696045792 2053.53696045792 1735.02355101679 1735.02355101679 1735.02355101679 1735.02355101679 1655.22686847652 1655.22686847652 1812.60285947422 1799.64373527652 1154.16804812612 1633.65148062732 1629.24554151634 908.956757890343 281.028983779664 281.028983779664 1500.58103153256 926.784497955536 926.784497955536 1743.35600597118 1743.35600597118 1958.70202773758 874.772987151686 874.772987151686 201.998372896157 201.998372896157 454.851138217311 2055.07376202571 2055.07376202571 1638.75074547311 1581.36300666973 1655.22686847652 1645.53570863709 1996.91759244168
DE.Broggingen.A.14 572.806917609837 572.806917609837 2128.99368087644 2128.99368087644 421.494742884808 421.494742884808 422.708481473104 871.715638116242 1149.04164728721 2556.19365549364 779.638204219829 787.294756283327 0 0 2053.53696045792 2053.53696045792 1735.02355101679 1735.02355101679 1735.02355101679 1735.02355101679 1655.22686847652 1655.22686847652 1812.60285947422 1799.64373527652 1154.16804812612 1633.65148062732 1629.24554151634 908.956757890343 281.028983779664 281.028983779664 1500.58103153256 926.784497955536 926.784497955536 1743.35600597118 1743.35600597118 1958.70202773758 874.772987151686 874.772987151686 201.998372896157 201.998372896157 454.851138217311 2055.07376202571 2055.07376202571 1638.75074547311 1581.36300666973 1655.22686847652 1645.53570863709 1996.91759244168
UA.Yalta.S.15 1485.57552167689 1485.57552167689 500.074459866717 500.074459866717 2471.14581951433 2471.14581951433 2297.9274079308 2753.31613001197 2911.10828483401 1051.9141405978 2703.18951618666 2715.02464639517 2053.53696045792 2053.53696045792 0 0 341.513525886894 341.513525886894 341.513525886894 341.513525886894 706.101015758169 706.101015758169 674.358727719287 651.69600594533 970.615906459622 820.846857777221 824.010214233689 1932.82798723894 1772.76533694014 1772.76533694014 3453.77371439531 2725.71709666492 2725.71709666492 1974.30762297096 1974.30762297096 2071.16668491627 2109.38060242502 2109.38060242502 2141.2115193855 2141.2115193855 1621.63669483146 608.362194541916 608.362194541916 808.285863839637 833.199875214733 706.101015758169 561.220953529326 1500.42638292474
UA.Yalta.S.16 1485.57552167689 1485.57552167689 500.074459866717 500.074459866717 2471.14581951433 2471.14581951433 2297.9274079308 2753.31613001197 2911.10828483401 1051.9141405978 2703.18951618666 2715.02464639517 2053.53696045792 2053.53696045792 0 0 341.513525886894 341.513525886894 341.513525886894 341.513525886894 706.101015758169 706.101015758169 674.358727719287 651.69600594533 970.615906459622 820.846857777221 824.010214233689 1932.82798723894 1772.76533694014 1772.76533694014 3453.77371439531 2725.71709666492 2725.71709666492 1974.30762297096 1974.30762297096 2071.16668491627 2109.38060242502 2109.38060242502 2141.2115193855 2141.2115193855 1621.63669483146 608.362194541916 608.362194541916 808.285863839637 833.199875214733 706.101015758169 561.220953529326 1500.42638292474
UA.Odessa.S.17 1163.07049325201 1163.07049325201 701.132349085725 701.132349085725 2148.65890207788 2148.65890207788 2004.78333029954 2414.33967424469 2569.65017003302 1283.18437136606 2366.10782186316 2378.06790846184 1735.02355101679 1735.02355101679 341.513525886894 341.513525886894 0 0 0 0 434.571885816665 434.571885816665 471.944848948677 443.228821838803 629.832961989761 550.502769492437 552.428359691094 1594.51026599166 1454.11086294823 1454.11086294823 3166.72289908804 2454.33203806496 2454.33203806496 1696.24503955703 1696.24503955703 1814.40996291839 1769.54888657533 1769.54888657533 1835.64324763051 1835.64324763051 1316.69776153922 542.815667040109 542.815667040109 538.863355377711 547.386760942692 434.571885816665 260.610003743066 1294.08337821201
UA.Odessa.S.18 1163.07049325201 1163.07049325201 701.132349085725 701.132349085725 2148.65890207788 2148.65890207788 2004.78333029954 2414.33967424469 2569.65017003302 1283.18437136606 2366.10782186316 2378.06790846184 1735.02355101679 1735.02355101679 341.513525886894 341.513525886894 0 0 0 0 434.571885816665 434.571885816665 471.944848948677 443.228821838803 629.832961989761 550.502769492437 552.428359691094 1594.51026599166 1454.11086294823 1454.11086294823 3166.72289908804 2454.33203806496 2454.33203806496 1696.24503955703 1696.24503955703 1814.40996291839 1769.54888657533 1769.54888657533 1835.64324763051 1835.64324763051 1316.69776153922 542.815667040109 542.815667040109 538.863355377711 547.386760942692 434.571885816665 260.610003743066 1294.08337821201
UA.Odessa.S.19 1163.07049325201 1163.07049325201 701.132349085725 701.132349085725 2148.65890207788 2148.65890207788 2004.78333029954 2414.33967424469 2569.65017003302 1283.18437136606 2366.10782186316 2378.06790846184 1735.02355101679 1735.02355101679 341.513525886894 341.513525886894 0 0 0 0 434.571885816665 434.571885816665 471.944848948677 443.228821838803 629.832961989761 550.502769492437 552.428359691094 1594.51026599166 1454.11086294823 1454.11086294823 3166.72289908804 2454.33203806496 2454.33203806496 1696.24503955703 1696.24503955703 1814.40996291839 1769.54888657533 1769.54888657533 1835.64324763051 1835.64324763051 1316.69776153922 542.815667040109 542.815667040109 538.863355377711 547.386760942692 434.571885816665 260.610003743066 1294.08337821201
UA.Odessa.A.20 1163.07049325201 1163.07049325201 701.132349085725 701.132349085725 2148.65890207788 2148.65890207788 2004.78333029954 2414.33967424469 2569.65017003302 1283.18437136606 2366.10782186316 2378.06790846184 1735.02355101679 1735.02355101679 341.513525886894 341.513525886894 0 0 0 0 434.571885816665 434.571885816665 471.944848948677 443.228821838803 629.832961989761 550.502769492437 552.428359691094 1594.51026599166 1454.11086294823 1454.11086294823 3166.72289908804 2454.33203806496 2454.33203806496 1696.24503955703 1696.24503955703 1814.40996291839 1769.54888657533 1769.54888657533 1835.64324763051 1835.64324763051 1316.69776153922 542.815667040109 542.815667040109 538.863355377711 547.386760942692 434.571885816665 260.610003743066 1294.08337821201
UA.Kyiv.S.21 1101.49920893932 1101.49920893932 1133.23896532995 1133.23896532995 2039.67412961881 2039.67412961881 1994.25647604036 2205.32671283512 2316.20235046608 1714.69930622471 2174.65593674226 2187.3843544754 1655.22686847652 1655.22686847652 706.101015758169 706.101015758169 434.571885816665 434.571885816665 434.571885816665 434.571885816665 0 0 158.483930737052 144.557878593322 513.519140580034 117.105599962195 119.616170130321 1296.17102765351 1387.46460567138 1387.46460567138 3146.2284944086 2483.12248472393 2483.12248472393 1271.84859699688 1271.84859699688 1381.83038632925 1482.10302874837 1482.10302874837 1795.92158591471 1795.92158591471 1306.48440063509 401.433217343808 401.433217343808 104.989549164367 129.351451551594 0 178.115754395332 867.7754725757
UA.Kyiv.A.22 1101.49920893932 1101.49920893932 1133.23896532995 1133.23896532995 2039.67412961881 2039.67412961881 1994.25647604036 2205.32671283512 2316.20235046608 1714.69930622471 2174.65593674226 2187.3843544754 1655.22686847652 1655.22686847652 706.101015758169 706.101015758169 434.571885816665 434.571885816665 434.571885816665 434.571885816665 0 0 158.483930737052 144.557878593322 513.519140580034 117.105599962195 119.616170130321 1296.17102765351 1387.46460567138 1387.46460567138 3146.2284944086 2483.12248472393 2483.12248472393 1271.84859699688 1271.84859699688 1381.83038632925 1482.10302874837 1482.10302874837 1795.92158591471 1795.92158591471 1306.48440063509 401.433217343808 401.433217343808 104.989549164367 129.351451551594 0 178.115754395332 867.7754725757
UA.Varva.S.23 1259.96903747611 1259.96903747611 1141.0130123141 1141.0130123141 2194.63049945034 2194.63049945034 2152.71846516804 2346.66471434768 2447.20422503586 1715.67118174914 2319.2489372519 2332.06821823895 1812.60285947422 1812.60285947422 674.358727719287 674.358727719287 471.944848948677 471.944848948677 471.944848948677 471.944848948677 158.483930737052 158.483930737052 0 29.1913769481771 671.780198005146 205.852157283751 210.553151861818 1420.38498174626 1545.63016539747 1545.63016539747 3304.53871291784 2641.05883712313 2641.05883712313 1310.38942996032 1310.38942996032 1397.9074462027 1608.04011602536 1608.04011602536 1954.29690480504 1954.29690480504 1464.54920543917 249.320595714544 249.320595714544 195.666477169252 249.136462077492 158.483930737052 264.100083793939 834.28019997509
UA.Piryuatin.S.24 1244.51305230617 1244.51305230617 1114.96130763346 1114.96130763346 2184.06708330106 2184.06708330106 2136.45806109241 2343.17960645221 2447.36914571681 1690.53207256784 2314.42362097017 2327.20506184136 1799.64373527652 1799.64373527652 651.69600594533 651.69600594533 443.228821838803 443.228821838803 443.228821838803 443.228821838803 144.557878593322 144.557878593322 29.1913769481771 0 655.088403927857 208.54213133456 213.094582002771 1422.28354153403 1531.32920528337 1531.32920528337 3289.75794494054 2623.23453587645 2623.23453587645 1329.08421689597 1329.08421689597 1419.64713992493 1609.53254486729 1609.53254486729 1939.32787916403 1939.32787916403 1447.09089759435 257.190189018603 257.190189018603 197.395705195434 247.593427305243 144.557878593322 236.131818162934 860.549944265716
UA.Drogobych.S.25 590.659329681908 590.659329681908 1223.851415656 1223.851415656 1552.38426200722 1552.38426200722 1481.38253390938 1785.50332916531 1941.40150117272 1777.44842168603 1739.75935449982 1751.89527760243 1154.16804812612 1154.16804812612 970.615906459622 970.615906459622 629.832961989761 629.832961989761 629.832961989761 629.832961989761 513.519140580034 513.519140580034 671.780198005146 655.088403927857 0 522.657538373613 519.116267155989 991.876637847876 880.500742522491 880.500742522491 2636.2703283987 1969.80302935637 1969.80302935637 1309.18484898946 1309.18484898946 1479.98890771813 1156.90166190604 1156.90166190604 1285.90859990801 1285.90859990801 793.077134375415 905.918027358312 905.918027358312 523.714729881068 471.173634306265 513.519140580034 492.754513985231 1154.13972803438
UA.Chernobyl.A.26 1094.79112199614 1094.79112199614 1250.03992749181 1250.03992749181 2006.40118987909 2006.40118987909 1988.39768917862 2143.24976810109 2241.40570292007 1831.62822876896 2117.60811280134 2130.48049885793 1633.65148062732 1633.65148062732 820.846857777221 820.846857777221 550.502769492437 550.502769492437 550.502769492437 550.502769492437 117.105599962195 117.105599962195 205.852157283751 208.54213133456 522.657538373613 0 4.75976778473621 1214.66460329938 1373.30498454454 1373.30498454454 3131.43884179977 2484.56145092078 2484.56145092078 1155.27284844158 1155.27284844158 1264.88512083226 1402.23696400265 1402.23696400265 1783.92169004032 1783.92169004032 1309.46055271081 451.95764520973 451.95764520973 12.5978709624093 52.7622165522767 117.105599962195 291.46506866269 761.188535987348
UA.ChernobylYaniv.A.27 1090.69650966785 1090.69650966785 1252.20140020549 1252.20140020549 2001.82361889888 2001.82361889888 1984.26089950679 2138.49000829777 2236.68952581239 1833.85294169194 2112.85496531526 2125.72767572368 1629.24554151634 1629.24554151634 824.010214233689 824.010214233689 552.428359691094 552.428359691094 552.428359691094 552.428359691094 119.616170130321 119.616170130321 210.553151861818 213.094582002771 519.116267155989 4.75976778473621 0 1209.99797228647 1369.03902376791 1369.03902376791 3127.11058595071 2480.56341194468 2480.56341194468 1152.44333755796 1152.44333755796 1262.67823166317 1397.5564617905 1397.5564617905 1779.67396026359 1779.67396026359 1305.55645367284 456.715550554604 456.715550554604 16.354038640299 48.6876631653308 119.616170130321 293.091766023074 760.819627561812
SE.Lund.S.28 829.851751575202 829.851751575202 2214.94153250075 2214.94153250075 1075.35490019752 1075.35490019752 1326.59443541331 981.564726309775 1031.78553968845 2759.28634145436 986.156692032934 999.229461408918 908.956757890343 908.956757890343 1932.82798723894 1932.82798723894 1594.51026599166 1594.51026599166 1594.51026599166 1594.51026599166 1296.17102765351 1296.17102765351 1420.38498174626 1422.28354153403 991.876637847876 1214.66460329938 1209.99797228647 0 842.785910960914 842.785910960914 2253.51849607825 1811.80444565483 1811.80444565483 848.790628076017 848.790628076017 1062.0042270398 188.619818424721 188.619818424721 1110.69452192353 1110.69452192353 987.988493941321 1661.86556650202 1661.86556650202 1225.27406498837 1175.4065708047 1296.17102765351 1386.71349232661 1240.98267311451
DE.Munich.S.29 293.173472793883 293.173472793883 1860.56832134879 1860.56832134879 699.528359729867 699.528359729867 622.354854226417 1087.6805592774 1335.73966721734 2306.83200019334 1008.10239337276 1017.57652483425 281.028983779664 281.028983779664 1772.76533694014 1772.76533694014 1454.11086294823 1454.11086294823 1454.11086294823 1454.11086294823 1387.46460567138 1387.46460567138 1545.63016539747 1531.32920528337 880.500742522491 1373.30498454454 1369.03902376791 842.785910960914 0 0 1759.19440640195 1130.56800512875 1130.56800512875 1623.02055194124 1623.02055194124 1836.91778139389 868.936256824335 868.936256824335 410.839586719544 410.839586719544 208.409576578657 1785.11059640536 1785.11059640536 1377.57992327321 1320.6436300783 1387.46460567138 1369.54205222563 1797.04505092179
DE.Munich.A.30 293.173472793883 293.173472793883 1860.56832134879 1860.56832134879 699.528359729867 699.528359729867 622.354854226417 1087.6805592774 1335.73966721734 2306.83200019334 1008.10239337276 1017.57652483425 281.028983779664 281.028983779664 1772.76533694014 1772.76533694014 1454.11086294823 1454.11086294823 1454.11086294823 1454.11086294823 1387.46460567138 1387.46460567138 1545.63016539747 1531.32920528337 880.500742522491 1373.30498454454 1369.03902376791 842.785910960914 0 0 1759.19440640195 1130.56800512875 1130.56800512875 1623.02055194124 1623.02055194124 1836.91778139389 868.936256824335 868.936256824335 410.839586719544 410.839586719544 208.409576578657 1785.11059640536 1785.11059640536 1377.57992327321 1320.6436300783 1387.46460567138 1369.54205222563 1797.04505092179
PT.Recarei.A.31 2045.66039869607 2045.66039869607 3400.07823460712 3400.07823460712 1184.25872711305 1184.25872711305 1162.89374335505 1455.7638836649 1689.14419045399 3678.59916555302 1380.95780888753 1371.21787935485 1500.58103153256 1500.58103153256 3453.77371439531 3453.77371439531 3166.72289908804 3166.72289908804 3166.72289908804 3166.72289908804 3146.2284944086 3146.2284944086 3304.53871291784 3289.75794494054 2636.2703283987 3131.43884179977 3127.11058595071 2253.51849607825 1759.19440640195 1759.19440640195 0 755.049808842848 755.049808842848 3087.41926292228 3087.41926292228 3292.43089110985 2128.01291285226 2128.01291285226 1350.48003807424 1350.48003807424 1856.47868835015 3542.18395475846 3542.18395475846 3136.037500396 3078.89663346359 3146.2284944086 3118.35361259479 3459.68513534283
ES.Lleida.A.32 1391.2363958901 1391.2363958901 2648.67350796506 2648.67350796506 802.880344529269 802.880344529269 511.071992340469 1319.1835178934 1622.35684078287 2925.48868347052 1213.31609128274 1210.038171541 926.784497955536 926.784497955536 2725.71709666492 2725.71709666492 2454.33203806496 2454.33203806496 2454.33203806496 2454.33203806496 2483.12248472393 2483.12248472393 2641.05883712313 2623.23453587645 1969.80302935637 2484.56145092078 2480.56341194468 1811.80444565483 1130.56800512875 1130.56800512875 755.049808842848 0 0 2658.16707296649 2658.16707296649 2872.64002376174 1738.00972099519 1738.00972099519 733.808835699999 733.808835699999 1176.7387787366 2868.09687429823 2868.09687429823 2487.43366832054 2431.87666392723 2483.12248472393 2433.29904942628 2918.45462533185
ES.Lleida.S.33 1391.2363958901 1391.2363958901 2648.67350796506 2648.67350796506 802.880344529269 802.880344529269 511.071992340469 1319.1835178934 1622.35684078287 2925.48868347052 1213.31609128274 1210.038171541 926.784497955536 926.784497955536 2725.71709666492 2725.71709666492 2454.33203806496 2454.33203806496 2454.33203806496 2454.33203806496 2483.12248472393 2483.12248472393 2641.05883712313 2623.23453587645 1969.80302935637 2484.56145092078 2480.56341194468 1811.80444565483 1130.56800512875 1130.56800512875 755.049808842848 0 0 2658.16707296649 2658.16707296649 2872.64002376174 1738.00972099519 1738.00972099519 733.808835699999 733.808835699999 1176.7387787366 2868.09687429823 2868.09687429823 2487.43366832054 2431.87666392723 2483.12248472393 2433.29904942628 2918.45462533185
FI.Akaa.S.34 1502.26984048685 1502.26984048685 2396.68906264427 2396.68906264427 1919.44065312712 1919.44065312712 2165.39050544423 1718.30011743891 1646.84192531004 2978.46654397171 1755.20177807596 1767.41044980183 1743.35600597118 1743.35600597118 1974.30762297096 1974.30762297096 1696.24503955703 1696.24503955703 1696.24503955703 1696.24503955703 1271.84859699688 1271.84859699688 1310.38942996032 1329.08421689597 1309.18484898946 1155.27284844158 1152.44333755796 848.790628076017 1623.02055194124 1623.02055194124 3087.41926292228 2658.16707296649 2658.16707296649 0 0 215.414507328149 959.453760811659 959.453760811659 1944.92974657566 1944.92974657566 1714.319823355 1477.50635561289 1477.50635561289 1167.70647384434 1150.20072985482 1271.84859699688 1436.47665421141 647.987868988852
FI.Akaa.S.35 1502.26984048685 1502.26984048685 2396.68906264427 2396.68906264427 1919.44065312712 1919.44065312712 2165.39050544423 1718.30011743891 1646.84192531004 2978.46654397171 1755.20177807596 1767.41044980183 1743.35600597118 1743.35600597118 1974.30762297096 1974.30762297096 1696.24503955703 1696.24503955703 1696.24503955703 1696.24503955703 1271.84859699688 1271.84859699688 1310.38942996032 1329.08421689597 1309.18484898946 1155.27284844158 1152.44333755796 848.790628076017 1623.02055194124 1623.02055194124 3087.41926292228 2658.16707296649 2658.16707296649 0 0 215.414507328149 959.453760811659 959.453760811659 1944.92974657566 1944.92974657566 1714.319823355 1477.50635561289 1477.50635561289 1167.70647384434 1150.20072985482 1271.84859699688 1436.47665421141 647.987868988852
FI.Vesanto.S.36 1709.27110366014 1709.27110366014 2514.86209748332 2514.86209748332 2129.31010397091 2129.31010397091 2380.654213581 1906.03906957926 1813.77600173989 3096.51252684911 1948.60450307622 1960.54344090617 1958.70202773758 1958.70202773758 2071.16668491627 2071.16668491627 1814.40996291839 1814.40996291839 1814.40996291839 1814.40996291839 1381.83038632925 1381.83038632925 1397.9074462027 1419.64713992493 1479.98890771813 1264.88512083226 1262.67823166317 1062.0042270398 1836.91778139389 1836.91778139389 3292.43089110985 2872.64002376174 2872.64002376174 215.414507328149 215.414507328149 0 1165.31822960058 1165.31822960058 2160.3073361262 2160.3073361262 1924.2312960923 1536.94086802581 1536.94086802581 1276.86127489346 1267.8502299442 1381.83038632925 1553.93563386681 637.859261068733
DK.Karensminde.A.37 917.018893691353 917.018893691353 2374.94105602844 2374.94105602844 967.732049489521 967.732049489521 1275.12909736651 805.234949397597 843.214622190107 2909.91474469622 819.322434306955 832.200059389743 874.772987151686 874.772987151686 2109.38060242502 2109.38060242502 1769.54888657533 1769.54888657533 1769.54888657533 1769.54888657533 1482.10302874837 1482.10302874837 1608.04011602536 1609.53254486729 1156.90166190604 1402.23696400265 1397.5564617905 188.619818424721 868.936256824335 868.936256824335 2128.01291285226 1738.00972099519 1738.00972099519 959.453760811659 959.453760811659 1165.31822960058 0 0 1071.0107465336 1071.0107465336 1040.82777420063 1850.10668469621 1850.10668469621 1412.73890898832 1362.36600744206 1482.10302874837 1568.08124575242 1407.71827997724
DK.Karensminde.A.38 917.018893691353 917.018893691353 2374.94105602844 2374.94105602844 967.732049489521 967.732049489521 1275.12909736651 805.234949397597 843.214622190107 2909.91474469622 819.322434306955 832.200059389743 874.772987151686 874.772987151686 2109.38060242502 2109.38060242502 1769.54888657533 1769.54888657533 1769.54888657533 1769.54888657533 1482.10302874837 1482.10302874837 1608.04011602536 1609.53254486729 1156.90166190604 1402.23696400265 1397.5564617905 188.619818424721 868.936256824335 868.936256824335 2128.01291285226 1738.00972099519 1738.00972099519 959.453760811659 959.453760811659 1165.31822960058 0 0 1071.0107465336 1071.0107465336 1040.82777420063 1850.10668469621 1850.10668469621 1412.73890898832 1362.36600744206 1482.10302874837 1568.08124575242 1407.71827997724
CH.ChaletAGobet.S.39 695.250696513093 695.250696513093 2171.07695938934 2171.07695938934 418.268150781267 418.268150781267 224.006257310769 958.882554254406 1255.79761173926 2562.10713459876 856.338760421484 861.362906706302 201.998372896157 201.998372896157 2141.2115193855 2141.2115193855 1835.64324763051 1835.64324763051 1835.64324763051 1835.64324763051 1795.92158591471 1795.92158591471 1954.29690480504 1939.32787916403 1285.90859990801 1783.92169004032 1779.67396026359 1110.69452192353 410.839586719544 410.839586719544 1350.48003807424 733.808835699999 733.808835699999 1944.92974657566 1944.92974657566 2160.3073361262 1071.0107465336 1071.0107465336 0 0 519.84496972033 2191.77828517194 2191.77828517194 1788.08108679216 1731.2327074027 1795.92158591471 1770.32503011726 2184.77494194606
CH.ChaletAGobet.A.40 695.250696513093 695.250696513093 2171.07695938934 2171.07695938934 418.268150781267 418.268150781267 224.006257310769 958.882554254406 1255.79761173926 2562.10713459876 856.338760421484 861.362906706302 201.998372896157 201.998372896157 2141.2115193855 2141.2115193855 1835.64324763051 1835.64324763051 1835.64324763051 1835.64324763051 1795.92158591471 1795.92158591471 1954.29690480504 1939.32787916403 1285.90859990801 1783.92169004032 1779.67396026359 1110.69452192353 410.839586719544 410.839586719544 1350.48003807424 733.808835699999 733.808835699999 1944.92974657566 1944.92974657566 2160.3073361262 1071.0107465336 1071.0107465336 0 0 519.84496972033 2191.77828517194 2191.77828517194 1788.08108679216 1731.2327074027 1795.92158591471 1770.32503011726 2184.77494194606
AT.Seeboden.S.41 232.04381824595 232.04381824595 1674.64997610553 1674.64997610553 874.359296052059 874.359296052059 694.344986619241 1293.92148418266 1544.14902653098 2106.06431191207 1211.96980365901 1221.07235602722 454.851138217311 454.851138217311 1621.63669483146 1621.63669483146 1316.69776153922 1316.69776153922 1316.69776153922 1316.69776153922 1306.48440063509 1306.48440063509 1464.54920543917 1447.09089759435 793.077134375415 1309.46055271081 1305.55645367284 987.988493941321 208.409576578657 208.409576578657 1856.47868835015 1176.7387787366 1176.7387787366 1714.319823355 1714.319823355 1924.2312960923 1040.82777420063 1040.82777420063 519.84496972033 519.84496972033 0 1694.13341913005 1694.13341913005 1311.93182531557 1256.91339830781 1306.48440063509 1263.82581990412 1814.12403196034
UA.Kharkiv.S.42 1496.53672040064 1496.53672040064 1106.92442513249 1106.92442513249 2441.10533117525 2441.10533117525 2386.04436903883 2595.03865138175 2691.18596716314 1655.82683365695 2568.34020844448 2581.17219345108 2055.07376202571 2055.07376202571 608.362194541916 608.362194541916 542.815667040109 542.815667040109 542.815667040109 542.815667040109 401.433217343808 401.433217343808 249.320595714544 257.190189018603 905.918027358312 451.95764520973 456.715550554604 1661.86556650202 1785.11059640536 1785.11059640536 3542.18395475846 2868.09687429823 2868.09687429823 1477.50635561289 1477.50635561289 1536.94086802581 1850.10668469621 1850.10668469621 2191.77828517194 2191.77828517194 1694.13341913005 0 0 442.752510276876 497.762777495609 401.433217343808 440.461168401983 925.975249864448
UA.Kharkiv.A.43 1496.53672040064 1496.53672040064 1106.92442513249 1106.92442513249 2441.10533117525 2441.10533117525 2386.04436903883 2595.03865138175 2691.18596716314 1655.82683365695 2568.34020844448 2581.17219345108 2055.07376202571 2055.07376202571 608.362194541916 608.362194541916 542.815667040109 542.815667040109 542.815667040109 542.815667040109 401.433217343808 401.433217343808 249.320595714544 257.190189018603 905.918027358312 451.95764520973 456.715550554604 1661.86556650202 1785.11059640536 1785.11059640536 3542.18395475846 2868.09687429823 2868.09687429823 1477.50635561289 1477.50635561289 1536.94086802581 1850.10668469621 1850.10668469621 2191.77828517194 2191.77828517194 1694.13341913005 0 0 442.752510276876 497.762777495609 401.433217343808 440.461168401983 925.975249864448
UA.ChernobylApple.A.44 1098.17942538105 1098.17942538105 1238.13280579167 1238.13280579167 2012.72755571711 2012.72755571711 1991.96244621731 2152.29477165757 2251.56175041543 1819.65636207429 2126.19677839903 2139.05729450388 1638.75074547311 1638.75074547311 808.285863839637 808.285863839637 538.863355377711 538.863355377711 538.863355377711 538.863355377711 104.989549164367 104.989549164367 195.666477169252 197.395705195434 523.714729881068 12.5978709624093 16.354038640299 1225.27406498837 1377.57992327321 1377.57992327321 3136.037500396 2487.43366832054 2487.43366832054 1167.70647384434 1167.70647384434 1276.86127489346 1412.73890898832 1412.73890898832 1788.08108679216 1788.08108679216 1311.93182531557 442.752510276876 442.752510276876 0 57.5465651578306 104.989549164367 280.230320062398 770.703653656473
UA.ChernobylPolisske.A.45 1042.03471286434 1042.03471286434 1248.51451268929 1248.51451268929 1955.21835748457 1955.21835748457 1935.63566118851 2097.55577764329 2199.77974543796 1830.56167292946 2070.62087402856 2083.46147375376 1581.36300666973 1581.36300666973 833.199875214733 833.199875214733 547.386760942692 547.386760942692 547.386760942692 547.386760942692 129.351451551594 129.351451551594 249.136462077492 247.593427305243 471.173634306265 52.7622165522767 48.6876631653308 1175.4065708047 1320.6436300783 1320.6436300783 3078.89663346359 2431.87666392723 2431.87666392723 1150.20072985482 1150.20072985482 1267.8502299442 1362.36600744206 1362.36600744206 1731.2327074027 1731.2327074027 1256.91339830781 497.762777495609 497.762777495609 57.5465651578306 0 129.351451551594 286.842067554249 785.050511865484
UA.Kyiv.A.46 1101.49920893932 1101.49920893932 1133.23896532995 1133.23896532995 2039.67412961881 2039.67412961881 1994.25647604036 2205.32671283512 2316.20235046608 1714.69930622471 2174.65593674226 2187.3843544754 1655.22686847652 1655.22686847652 706.101015758169 706.101015758169 434.571885816665 434.571885816665 434.571885816665 434.571885816665 0 0 158.483930737052 144.557878593322 513.519140580034 117.105599962195 119.616170130321 1296.17102765351 1387.46460567138 1387.46460567138 3146.2284944086 2483.12248472393 2483.12248472393 1271.84859699688 1271.84859699688 1381.83038632925 1482.10302874837 1482.10302874837 1795.92158591471 1795.92158591471 1306.48440063509 401.433217343808 401.433217343808 104.989549164367 129.351451551594 0 178.115754395332 867.7754725757
UA.Uman.A.47 1077.23396628274 1077.23396628274 961.697654691827 961.697654691827 2045.09875711795 2045.09875711795 1957.90813987387 2256.41799546769 2388.57148008136 1543.73583661625 2217.53370006624 2229.95870852532 1645.53570863709 1645.53570863709 561.220953529326 561.220953529326 260.610003743066 260.610003743066 260.610003743066 260.610003743066 178.115754395332 178.115754395332 264.100083793939 236.131818162934 492.754513985231 291.46506866269 293.091766023074 1386.71349232661 1369.54205222563 1369.54205222563 3118.35361259479 2433.29904942628 2433.29904942628 1436.47665421141 1436.47665421141 1553.93563386681 1568.08124575242 1568.08124575242 1770.32503011726 1770.32503011726 1263.82581990412 440.461168401983 440.461168401983 280.230320062398 286.842067554249 178.115754395332 0 1045.5087294546
RU.Valday.A.48 1582.13710303049 1582.13710303049 1975.29012029577 1975.29012029577 2276.63247948142 2276.63247948142 2407.53850119739 2212.24386264175 2202.05855061063 2548.55118007879 2225.29912103503 2238.29446838565 1996.91759244168 1996.91759244168 1500.42638292474 1500.42638292474 1294.08337821201 1294.08337821201 1294.08337821201 1294.08337821201 867.7754725757 867.7754725757 834.28019997509 860.549944265716 1154.13972803438 761.188535987348 760.819627561812 1240.98267311451 1797.04505092179 1797.04505092179 3459.68513534283 2918.45462533185 2918.45462533185 647.987868988852 647.987868988852 637.859261068733 1407.71827997724 1407.71827997724 2184.77494194606 2184.77494194606 1814.12403196034 925.975249864448 925.975249864448 770.703653656473 785.050511865484 867.7754725757 1045.5087294546 0
